5005
5007
5007
5008
5009
5009
5009
5009
5010
5012
5012
5013
5015
5016
5016
5019
5020
5021
5021
5023
5025
5026
5027
5027
5029
5029
5031
5037
5043
5045
5047
5047
5052
5053
5057
5065
5068
5069
5074
5080
5086
5087
5087
5089
5089
5091
5091
5094
5095
5098
5102
5104
5106
5107
5107
5109
5118
5118
5124
5125
5125
5128
5132
5133
5134
5140
5141
5142
5144
5145
5145
5147
5148
5150
5150
5150
5151
5151
5154
5158
5158
5160
5160
5161
5163
5173
5173
5178
5180
5181
5185
5185
5187
5187
5190
5191
5192
5193
5194
5195
5195
5202
5203
5204
5206
5206
5208
5212
5214
5216
5218
5218
5222
5226
5230
5232
5232
5236
5237
5239
5240
5243
5245
5248
5249
5253
5255
5257
5262
5266
5267
5272
5274
5276
5276
5276
5277
5283
5283
5283
5289
5290
5296
5296
5300
5300
5305
5309
5310
5311
5325
5328
5332
5333
5333
5334
5344
5344
5346
5355
5359
5361
5370
5371
5372
5376
5380
5382
5383
5389
5391
5396
5398
5398
5402
5405
5409
5414
5415
5418
5421
5421
5423
5423
5423
5425
5428
5428
5428
5430
5430
5431
5432
5434
5439
5446
5454
5455
5461
5463
5465
5465
5465
5467
5468
5468
5470
5473
5473
5473
5473
5474
5477
5477
5478
5480
5481
5481
5484
5486
5487
5488
5490
5491
5495
5495
5496
5497
5500
5501
5503
5503
5506
5507
5508
5512
5512
5513
5513
5513
5517
5521
5522
5523
5524
5525
5529
5530
5530
5531
5533
5534
5538
5538
5540
5541
5541
5542
5543
5546
5548
5548
5551
5551
5553
5556
5557
5557
5558
5558
5560
5562
5563
5564
5564
5565
5565
5566
5566
5567
5567
5569
5571
5572
5574
5575
5581
5584
5584
5585
5590
5591
5596
5600
5600
5601
5601
5602
5603
5606
5609
5609
5612
5613
5613
5614
5615
5617
5618
5618
5619
5624
5629
5629
5630
5631
5634
5635
5636
5637
5641
5645
5646
5647
5653
5653
5655
5662
5663
5663
5665
5666
5670
5671
5671
5672
5675
5677
5678
5682
5689
5692
5694
5695
5698
5701
5702
5702
5703
5704
5704
5705
5707
5708
5719
5725
5726
5726
5726
5728
5735
5736
5736
5737
5740
5740
5742
5744
5745
5747
5747
5748
5749
5750
5760
5760
5760
5762
5763
5766
5766
5767
5771
5774
5776
5776
5777
5780
5782
5783
5784
5786
5787
5787
5788
5796
5797
5805
5806
5809
5812
5813
5818
5820
5824
5825
5826
5829
5829
5829
5831
5832
5833
5833
5834
5834
5835
5837
5839
5842
5842
5842
5843
5843
5852
5854
5856
5857
5859
5859
5859
5861
5864
5866
5868
5869
5869
5869
5875
5877
5879
5880
5886
5888
5889
5889
5890
5892
5894
5898
5902
5902
5903
5904
5910
5910
5911
5917
5917
5920
5920
5923
5924
5929
5929
5930
5931
5932
5932
5934
5936
5939
5940
5941
5942
5943
5946
5952
5955
5957
5960
5960
5961
5962
5970
5970
5971
5971
5977
5979
5980
5983
5985
5986
5988
5991
5995
5997
5999
5999
