20003
20003
20004
20007
20007
20007
20010
20014
20018
20021
20021
20022
20025
20027
20028
20028
20028
20035
20039
20040
20040
20041
20042
20043
20043
20049
20050
20055
20055
20063
20065
20065
20070
20070
20073
20078
20080
20080
20080
20081
20083
20084
20085
20088
20089
20090
20096
20096
20104
20106
20106
20107
20107
20108
20109
20110
20111
20118
20119
20123
20124
20126
20128
20128
20133
20134
20137
20137
20138
20140
20149
20150
20150
20157
20160
20162
20164
20168
20168
20169
20169
20171
20172
20175
20182
20182
20183
20185
20185
20186
20188
20193
20194
20195
20199
20202
20205
20207
20209
20209
20215
20215
20215
20215
20215
20218
20219
20220
20220
20221
20222
20222
20225
20225
20226
20229
20236
20241
20243
20248
20249
20250
20251
20251
20252
20255
20258
20260
20262
20265
20268
20270
20271
20277
20281
20281
20282
20282
20283
20284
20285
20286
20288
20291
20294
20300
20303
20303
20306
20307
20308
20312
20313
20313
20314
20318
20318
20321
20321
20321
20323
20323
20324
20324
20326
20331
20333
20334
20334
20337
20342
20343
20343
20344
20344
20344
20347
20351
20351
20352
20354
20357
20361
20361
20367
20369
20371
20372
20377
20383
20383
20384
20385
20386
20386
20388
20393
20399
20401
20402
20404
20409
20409
20409
20412
20417
20419
20422
20423
20424
20426
20428
20437
20439
20439
20442
20444
20446
20447
20447
20449
20449
20451
20457
20459
20462
20463
20463
20467
20467
20468
20469
20469
20470
20471
20475
20475
20476
20477
20479
20484
20485
20486
20486
20488
20491
20494
20495
20496
20496
20496
20498
20499
20504
20506
20510
20516
20520
20525
20529
20531
20532
20534
20536
20537
20537
20539
20539
20541
20542
20543
20544
20544
20549
20550
20563
20565
20566
20567
20570
20570
20578
20581
20584
20585
20585
20594
20594
20595
20599
20600
20601
20604
20604
20606
20608
20608
20611
20614
20617
20622
20625
20625
20628
20632
20633
20638
20639
20640
20647
20648
20649
20649
20650
20650
20652
20652
20656
20656
20657
20658
20659
20659
20660
20661
20662
20666
20667
20669
20671
20671
20673
20673
20678
20679
20680
20680
20685
20686
20687
20688
20691
20691
20695
20697
20697
20698
20699
20700
20704
20704
20709
20709
20712
20712
20713
20715
20717
20722
20723
20726
20726
20727
20729
20731
20732
20733
20733
20733
20734
20735
20735
20737
20739
20742
20743
20744
20747
20747
20749
20751
20752
20752
20754
20757
20759
20765
20765
20768
20771
20772
20773
20773
20773
20774
20774
20774
20777
20778
20779
20784
20785
20786
20794
20801
20801
20804
20807
20810
20811
20812
20813
20818
20826
20833
20840
20843
20846
20848
20851
20851
20851
20853
20853
20858
20862
20863
20866
20867
20869
20870
20872
20874
20875
20877
20881
20883
20883
20885
20886
20888
20894
20896
20898
20898
20898
20902
20904
20904
20906
20907
20911
20915
20915
20918
20920
20929
20930
20930
20933
20936
20937
20939
20939
20939
20940
20941
20941
20942
20942
20945
20949
20954
20955
20958
20970
20974
20975
20977
20981
20985
20987
20989
20989
20991
20991
20991
20991
20996
20998
21000
21005
21006
21008
21008
21010
21010
21017
21018
21019
21025
21026
21027
21029
21031
21031
21031
21032
21035
21036
21037
21037
21038
21040
21042
21045
21049
21050
21051
21054
21055
21057
21059
21062
21064
21064
21066
21066
21066
21066
21069
21071
21073
21080
21081
21083
21083
21087
21087
21090
21093
21094
21097
21098
21098
21098
21099
21103
21103
21103
21104
21107
21108
21110
21111
21111
21111
21112
21112
21112
21116
21118
21123
21124
21124
21124
21125
21126
21134
21141
21144
21145
21148
21150
21153
21155
21158
21158
21158
21159
21160
21161
21163
21166
21168
21169
21170
21171
21178
21181
21181
21185
21187
21189
21190
21191
21195
21195
21197
21198
21201
21202
21206
21206
21207
21208
21209
21210
21213
21215
21216
21216
21217
21219
21220
21224
21231
21231
21234
21234
21240
21240
21245
21245
21247
21247
21248
21250
21251
21253
21254
21258
21260
21261
21262
21265
21267
21267
21267
21270
21280
21283
21285
21291
21292
21297
21298
21300
21302
21302
21303
21304
21305
21309
21311
21313
21319
21322
21323
21324
21324
21324
21327
21327
21331
21333
21333
21337
21342
21343
21345
21360
21362
21362
21369
21369
21370
21371
21372
21374
21379
21379
21381
21383
21383
21389
21391
21392
21393
21396
21403
21404
21404
21409
21410
21412
21415
21416
21417
21417
21419
21421
21421
21425
21427
21429
21429
21432
21432
21432
21434
21434
21436
21440
21442
21442
21442
21442
21442
21443
21449
21454
21456
21459
21466
21468
21469
21469
21469
21470
21473
21477
21481
21482
21484
21484
21484
21490
21491
21497
21499
21499
21501
21501
21501
21504
21504
21505
21507
21510
21510
21516
21523
21528
21531
21532
21533
21537
21537
21539
21541
21541
21542
21543
21560
21562
21563
21564
21564
21567
21568
21568
21569
21570
21570
21571
21576
21578
21580
21581
21582
21582
21584
21589
21589
21591
21592
21595
21597
21597
21597
21598
21601
21605
21605
21608
21611
21614
21615
21619
21619
21622
21625
21630
21633
21633
21634
21635
21635
21636
21638
21641
21642
21642
21644
21650
21650
21654
21655
21655
21660
21662
21665
21665
21666
21668
21670
21673
21673
21676
21676
21677
21683
21684
21685
21691
21695
21696
21696
21697
21697
21698
21701
21701
21703
21705
21705
21708
21712
21713
21719
21719
21719
21720
21720
21722
21728
21733
21735
21736
21736
21738
21740
21740
21741
21741
21743
21744
21748
21751
21751
21755
21756
21758
21759
21760
21765
21766
21768
21770
21771
21774
21777
21777
21779
21780
21782
21783
21783
21785
21785
21786
21797
21798
21800
21800
21801
21805
21806
21811
21812
21812
21813
21818
21819
21828
21828
21828
21829
21836
21839
21840
21843
21844
21844
21846
21848
21848
21849
21849
21853
21859
21860
21860
21860
21860
21860
21863
21864
21868
21869
21879
21880
21881
21883
21888
21896
21897
21912
21915
21916
21917
21917
21921
21922
21926
21926
21926
21928
21930
21932
21933
21934
21937
21939
21941
21941
21946
21950
21951
21953
21956
21957
21961
21961
21961
21964
21964
21970
21975
21976
21977
21981
21983
21986
21995
21995
21996
21996
21996
21999
21999
22000
22001
22001
22004
22006
22010
22012
22012
22018
22018
22020
22024
22024
22024
22025
22029
22030
22031
22032
22032
22038
22038
22039
22040
22042
22042
22042
22043
22052
22054
22056
22058
22060
22061
22062
22062
22065
22065
22066
22068
22072
22073
22075
22075
22078
22082
22082
22083
22085
22090
22091
22096
22096
22100
22101
22105
22107
22107
22110
22112
22112
22114
22115
22124
22126
22127
22128
22130
22131
22132
22133
22136
22138
22138
22139
22140
22140
22144
22147
22148
22148
22150
22151
22151
22151
22153
22153
22153
22155
22156
22156
22160
22161
22164
22168
22170
22170
22173
22174
22175
22176
22177
22179
22179
22180
22181
22182
22184
22186
22190
22197
22198
22198
22200
22203
22204
22205
22208
22209
22212
22213
22213
22214
22218
22219
22221
22223
22223
22225
22227
22228
22228
22232
22235
22236
22236
22237
22238
22240
22241
22242
22242
22243
22252
22257
22262
22262
22264
22265
22271
22271
22273
22274
22275
22276
22277
22277
22287
22289
22289
22295
22295
22299
22299
22299
22305
22307
22316
22319
22320
22321
22324
22325
22325
22328
22335
22336
22339
22340
22340
22341
22342
22342
22344
22346
22348
22349
22349
22350
22355
22363
22367
22371
22372
22375
22375
22377
22378
22378
22379
22382
22384
22385
22385
22386
22390
22391
22392
22394
22400
22401
22402
22403
22404
22410
22411
22412
22415
22422
22427
22430
22434
22436
22436
22448
22449
22451
22452
22452
22453
22456
22458
22458
22458
22458
22461
22462
22463
22469
22470
22470
22471
22472
22476
22477
22487
22487
22488
22492
22493
22493
22494
22494
22495
22498
22500
22500
22500
22501
22506
22507
22510
22510
22510
22512
22513
22514
22515
22515
22516
22516
22516
22520
22522
22522
22522
22524
22524
22526
22529
22534
22535
22536
22537
22546
22548
22549
22549
22554
22561
22562
22564
22567
22567
22573
22578
22578
22580
22581
22581
22583
22584
22586
22589
22590
22595
22596
22596
22598
22598
22599
22599
22604
22608
22610
22611
22613
22616
22617
22626
22631
22632
22633
22633
22633
22635
22638
22640
22640
22642
22643
22646
22647
22648
22656
22656
22658
22659
22660
22661
22663
22663
22663
22668
22672
22673
22673
22681
22683
22685
22687
22688
22690
22695
22696
22699
22701
22701
22701
22701
22712
22713
22720
22721
22722
22723
22728
22729
22729
22729
22734
22734
22735
22735
22738
22740
22740
22746
22746
22746
22747
22753
22760
22762
22762
22764
22766
22767
22767
22770
22772
22774
22774
22780
22780
22786
22787
22790
22794
22797
22798
22798
22799
22808
22809
22810
22810
22810
22811
22812
22814
22818
22820
22821
22823
22826
22826
22832
22832
22835
22835
22836
22836
22837
22840
22842
22843
22845
22847
22848
22849
22854
22858
22861
22863
22864
22865
22870
22873
22876
22878
22879
22880
22885
22886
22888
22888
22889
22890
22898
22898
22903
22904
22905
22912
22917
22918
22918
22919
22925
22925
22928
22928
22933
22934
22937
22941
22945
22951
22952
22952
22953
22953
22954
22957
22957
22958
22964
22968
22968
22971
22971
22973
22974
22975
22975
22976
22977
22978
22979
22980
22980
22981
22983
22984
22986
22988
22995
23000
23006
23009
23016
23018
23025
23027
23029
23030
23032
23032
23034
23036
23038
23040
23041
23045
23046
23050
23051
23055
23059
23061
23065
23066
23069
23069
23070
23070
23071
23073
23073
23074
23075
23077
23087
23088
23089
23089
23093
23094
23097
23097
23098
23107
23108
23110
23111
23112
23118
23123
23125
23126
23126
23128
23129
23129
23129
23130
23130
23131
23132
23133
23135
23136
23137
23139
23141
23142
23143
23148
23148
23148
23151
23153
23153
23157
23157
23158
23159
23163
23165
23168
23169
23169
23170
23170
23172
23174
23175
23175
23177
23182
23183
23189
23190
23192
23193
23195
23195
23197
23198
23198
23201
23209
23210
23213
23213
23217
23221
23221
23223
23225
23226
23227
23228
23231
23233
23236
23236
23236
23236
23239
23241
23242
23246
23246
23248
23251
23259
23264
23264
23268
23269
23271
23272
23277
23281
23282
23282
23286
23287
23289
23293
23295
23297
23298
23304
23305
23305
23306
23306
23310
23310
23311
23314
23316
23318
23321
23323
23323
23323
23324
23325
23328
23333
23333
23335
23335
23336
23346
23349
23350
23353
23355
23357
23357
23360
23363
23368
23369
23369
23370
23370
23371
23372
23375
23379
23380
23382
23383
23384
23387
23392
23392
23393
23396
23397
23406
23409
23409
23410
23410
23410
23414
23417
23417
23418
23418
23419
23423
23425
23426
23427
23429
23430
23430
23432
23440
23440
23444
23446
23447
23450
23451
23453
23454
23454
23456
23462
23467
23470
23472
23473
23475
23479
23485
23486
23487
23487
23492
23493
23493
23494
23495
23495
23495
23497
23498
23498
23498
23499
23500
23505
23505
23506
23513
23514
23518
23519
23520
23520
23520
23520
23521
23521
23528
23533
23534
23538
23538
23539
23544
23545
23545
23546
23547
23550
23554
23555
23567
23569
23574
23577
23585
23585
23585
23588
23596
23598
23599
23601
23602
23602
23605
23607
23609
23609
23610
23611
23612
23616
23616
23616
23619
23619
23619
23621
23625
23629
23631
23634
23635
23635
23636
23638
23643
23645
23649
23650
23651
23653
23660
23661
23663
23664
23666
23667
23668
23670
23671
23675
23682
23683
23684
23684
23686
23686
23690
23691
23697
23700
23701
23702
23702
23703
23703
23704
23706
23707
23707
23710
23712
23713
23713
23716
23716
23717
23719
23719
23726
23727
23729
23731
23732
23734
23735
23736
23737
23738
23739
23740
23742
23744
23745
23746
23748
23749
23749
23754
23755
23755
23757
23759
23759
23760
23763
23764
23766
23766
23767
23767
23772
23772
23773
23774
23778
23779
23782
23783
23783
23785
23786
23786
23791
23791
23796
23799
23799
23801
23803
23806
23806
23807
23807
23808
23812
23816
23820
23822
23823
23826
23827
23827
23828
23829
23833
23835
23838
23839
23840
23840
23844
23846
23846
23846
23852
23854
23855
23855
23857
23858
23859
23860
23861
23864
23864
23867
23868
23872
23874
23877
23879
23880
23884
23884
23886
23886
23887
23887
23890
23891
23893
23894
23895
23897
23898
23907
23908
23910
23912
23912
23915
23917
23919
23920
23922
23928
23931
23931
23932
23935
23939
23941
23943
23945
23947
23947
23950
23951
23953
23954
23955
23961
23963
23963
23965
23967
23969
23971
23971
23972
23972
23974
23978
23978
23979
23981
23981
23981
23982
23983
23985
23988
23991
23991
23991
23993
23997
23999
