1004
1013
1018
1019
1022
1026
1027
1028
1030
1031
1031
1033
1033
1034
1034
1039
1040
1040
1040
1041
1041
1050
1050
1051
1051
1053
1054
1058
1058
1058
1059
1065
1067
1071
1075
1076
1077
1080
1082
1083
1097
1098
1100
1100
1105
1108
1111
1112
1116
1117
1119
1126
1127
1127
1128
1132
1132
1133
1140
1143
1144
1144
1145
1145
1146
1147
1148
1154
1154
1155
1157
1160
1160
1163
1163
1163
1165
1165
1166
1167
1171
1171
1174
1175
1176
1176
1177
1178
1179
1180
1180
1184
1187
1188
1191
1191
1193
1194
1196
1198
