10000
10003
10005
10006
10009
10009
10010
10011
10013
10013
10015
10015
10015
10021
10023
10023
10023
10026
10027
10029
10036
10038
10039
10042
10047
10049
10050
10051
10053
10054
10054
10057
10058
10058
10066
10066
10069
10071
10075
10076
10077
10078
10081
10082
10086
10087
10091
10095
10097
10101
10101
10105
10106
10107
10108
10109
10113
10119
10123
10125
10127
10132
10135
10136
10137
10140
10148
10152
10153
10155
10156
10158
10161
10161
10163
10171
10173
10173
10181
10181
10186
10187
10194
10196
10196
10197
10200
10202
10210
10210
10211
10212
10214
10220
10225
10227
10231
10231
10234
10242
10242
10247
10248
10255
10261
10263
10264
10264
10264
10265
10266
10266
10270
10270
10276
10279
10281
10281
10281
10283
10283
10285
10285
10286
10286
10287
10287
10288
10288
10292
10293
10300
10302
10305
10306
10307
10309
10310
10311
10312
10313
10314
10315
10319
10320
10323
10326
10327
10328
10328
10330
10330
10332
10334
10335
10336
10336
10338
10339
10340
10341
10342
10343
10344
10350
10350
10354
10354
10355
10356
10356
10357
10357
10359
10361
10366
10367
10370
10371
10372
10374
10374
10378
10380
10382
10384
10384
10387
10389
10393
10395
10400
10400
10404
10408
10420
10421
10422
10424
10429
10429
10431
10432
10433
10433
10434
10435
10441
10444
10445
10445
10450
10450
10459
10461
10464
10465
10465
10467
10470
10472
10474
10475
10475
10476
10480
10486
10487
10496
10499
10503
10503
10504
10506
10507
10509
10513
10515
10515
10518
10519
10520
10522
10523
10523
10523
10524
10526
10527
10527
10527
10529
10532
10533
10536
10540
10541
10549
10554
10555
10555
10557
10557
10558
10561
10564
10564
10565
10567
10568
10571
10572
10574
10575
10575
10579
10581
10588
10588
10588
10589
10590
10595
10597
10598
10599
10601
10607
10608
10610
10610
10612
10613
10616
10619
10620
10621
10623
10624
10626
10631
10635
10636
10637
10638
10639
10640
10640
10644
10644
10645
10651
10655
10656
10658
10661
10664
10667
10669
10671
10675
10675
10676
10681
10683
10684
10688
10688
10688
10689
10694
10696
10699
10702
10702
10713
10713
10714
10715
10718
10719
10719
10721
10725
10732
10732
10733
10734
10736
10740
10741
10741
10745
10745
10746
10748
10749
10750
10753
10753
10753
10755
10755
10759
10760
10762
10762
10762
10762
10762
10763
10765
10765
10772
10775
10776
10778
10779
10781
10781
10784
10784
10784
10785
10787
10788
10789
10789
10790
10791
10791
10794
10800
10805
10809
10809
10809
10814
10820
10821
10825
10825
10827
10827
10829
10830
10833
10835
10836
10840
10844
10846
10846
10849
10851
10857
10864
10864
10866
10866
10869
10870
10871
10876
10877
10881
10882
10883
10883
10885
10885
10887
10893
10897
10898
10898
10898
10899
10900
10900
10902
10902
10902
10908
10910
10911
10912
10913
10913
10914
10917
10919
10920
10925
10928
10929
10930
10932
10937
10940
10941
10942
10952
10954
10955
10955
10955
10956
10957
10958
10960
10960
10965
10968
10968
10969
10971
10974
10975
10975
10981
10982
10983
10984
10986
10986
10990
10992
10992
10996
10997
10997
10998
10999
11000
11002
11002
11003
11005
11006
11010
11014
11018
11019
11019
11019
11019
11021
11029
11029
11032
11032
11036
11037
11039
11039
11040
11040
11042
11043
11043
11043
11050
11051
11053
11053
11055
11059
11060
11062
11062
11062
11062
11063
11063
11064
11065
11067
11067
11071
11071
11072
11072
11074
11076
11077
11079
11081
11082
11090
11090
11092
11092
11093
11094
11099
11100
11101
11103
11104
11106
11108
11110
11113
11115
11115
11115
11117
11118
11120
11123
11124
11125
11127
11127
11133
11133
11134
11137
11137
11140
11140
11141
11141
11143
11147
11148
11148
11150
11153
11153
11153
11153
11157
11160
11163
11164
11170
11171
11175
11176
11177
11181
11181
11187
11187
11187
11189
11189
11194
11197
11199
11200
11200
11201
11207
11209
11213
11215
11215
11215
11216
11217
11221
11221
11222
11223
11227
11228
11228
11231
11235
11240
11241
11242
11243
11246
11247
11248
11255
11262
11263
11263
11264
11266
11269
11270
11272
11275
11276
11281
11281
11283
11283
11287
11288
11288
11292
11293
11294
11294
11295
11297
11302
11304
11307
11308
11308
11308
11309
11312
11313
11313
11315
11315
11316
11318
11321
11325
11326
11329
11329
11340
11341
11344
11344
11348
11356
11356
11356
11356
11357
11358
11362
11363
11364
11366
11366
11374
11374
11374
11375
11379
11386
11387
11388
11392
11397
11398
11399
11399
11402
11405
11408
11410
11415
11418
11418
11422
11425
11427
11429
11429
11432
11434
11435
11436
11437
11437
11441
11442
11448
11450
11458
11462
11464
11465
11465
11466
11469
11470
11470
11470
11471
11472
11473
11473
11477
11478
11479
11480
11484
11484
11494
11494
11499
11501
11502
11504
11506
11507
11513
11518
11519
11520
11521
11523
11526
11528
11529
11530
11531
11531
11535
11547
11547
11548
11549
11550
11554
11557
11557
11563
11567
11568
11569
11570
11572
11580
11585
11586
11587
11589
11592
11595
11598
11598
11598
11599
11601
11601
11602
11603
11603
11604
11605
11605
11606
11615
11617
11617
11619
11621
11621
11633
11636
11637
11646
11647
11648
11650
11654
11655
11656
11657
11658
11658
11661
11662
11662
11663
11672
11674
11675
11682
11686
11687
11688
11688
11689
11690
11692
11693
11695
11696
11696
11697
11702
11703
11703
11706
11706
11708
11714
11716
11717
11717
11719
11720
11724
11727
11727
11729
11732
11735
11736
11736
11736
11738
11739
11740
11741
11743
11744
11746
11748
11749
11751
11751
11752
11753
11755
11755
11757
11760
11761
11762
11763
11765
11767
11768
11769
11769
11770
11772
11774
11774
11776
11777
11779
11780
11783
11788
11788
11789
11793
11796
11800
11800
11800
11800
11803
11804
11805
11807
11809
11811
11814
11822
11827
11829
11832
11832
11835
11838
11841
11848
11848
11849
11851
11852
11856
11858
11859
11864
11865
11866
11867
11869
11872
11873
11880
11882
11883
11886
11887
11887
11892
11893
11894
11895
11895
11900
11904
11904
11905
11910
11910
11912
11918
11919
11921
11926
11927
11930
11931
11934
11937
11937
11938
11940
11948
11960
11961
11963
11964
11967
11967
11968
11969
11971
11972
11973
11975
11976
11976
11978
11978
11978
11981
11982
11984
11984
11987
11988
11993
11997
11997
11998
11999
