962598
821965
912881
414720
102188
596541
596541
888852
414720
962598
988240
988240
888852
962598
478180
478180
552855
988240
639089
912881
102188
888852
962598
639089
742538
962598
912881
873882
478180
912881
962598
888852
742538
888852
873882
912881
988240
821965
988240
102188
414720
912881
873882
912881
478180
478180
102188
988240
414720
76963
742538
821965
873882
873882
414720
102188
76963
742538
102188
596541
596541
478180
873882
414720
821965
742538
552855
742538
742538
988240
988240
414720
639089
888852
596541
76963
742538
821965
639089
414720
414720
988240
821965
552855
76963
596541
888852
596541
912881
962598
76963
639089
639089
912881
76963
912881
639089
596541
888852
102188
