478407
879643
1021318
517036
717255
503817
513835
257516
903582
612654
423599
259212
963875
-12614
-383435
387168
390476
524027
212823
-1910
825290
-280263
758793
638569
-234836
940168
586707
1263729
505580
714086
965101
-128603
856172
1256832
561346
303778
1565041
-286686
984074
1254245
1124189
368943
429068
5520
57144
-163694
758903
404652
-414110
905216
412645
563516
288220
162718
524084
700400
881917
1113284
460553
-342852
851125
716330
329578
1080468
-332984
625195
364415
58233
-55086
89573
599663
478517
146615
-47353
782618
560365
-167111
320632
839678
967643
1035291
354321
-86030
977250
394803
1641617
352129
224451
19673
411996
1557677
705847
365368
970659
-132534
1032796
270774
139621
71035
113626
559684
514014
1344596
501065
362061
573317
1285460
1378318
1622341
-81097
-287419
144984
547157
1612473
486011
-128280
196904
1077027
453485
660050
671069
251232
861756
500748
652946
-269862
614023
299307
537235
367485
167152
490673
682660
50585
126517
653516
734200
503217
135093
997923
1076085
332506
1145927
-173487
812396
931843
948026
141499
-98534
-39589
515316
1336774
670310
432793
-33999
716585
129248
499742
939486
212649
614714
758588
305434
1001195
895822
507106
1226512
139436
-487980
448986
605950
-486700
125095
593071
352770
546993
620346
1031868
162413
-525560
721765
948617
268370
198796
197645
1264020
109769
716730
-152450
640759
593100
938372
550471
550642
378101
-330251
618720
1212678
1064160
861844
639550
887178
948004
1036815
362422
823106
688241
431012
-526049
129520
751824
362616
615779
967030
236675
1260881
322417
416604
216318
-326870
385348
1848757
69258
1181674
719896
361511
148542
1032695
522738
622161
816545
552432
1062161
269070
1252136
1076992
1358462
711838
-423922
-705003
1371699
177899
-12193
-331144
555378
-247440
1052034
37311
153516
816447
1084879
835621
-297836
417314
77208
1343876
-88696
798762
575984
1049633
1252451
1104013
770767
748076
1638571
385585
1115204
1162194
815130
-100978
922522
870194
47251
956856
1690900
967414
1068141
643651
1049358
470468
12059
175558
93302
332698
220038
1597322
-19986
183678
128306
1533957
-46328
467101
999631
686024
497702
552693
655078
307136
624693
935538
300777
1008545
177612
404775
-231714
822884
-468819
171675
-395666
-444615
-24161
701514
851738
391488
865711
638000
64823
258425
-310069
862727
-377358
870981
158337
121688
384336
788174
341025
17461
1331038
1130759
143092
-445941
595076
851616
80097
295709
11244
827387
176741
688214
-19690
1521759
-502668
693567
1479362
-247688
548854
953815
-142781
260477
598441
-340537
422566
236982
-57895
146365
1384900
142314
309246
149784
-164623
982035
993602
1075466
843593
148953
-81064
387203
531803
428809
744505
112593
712445
873987
655047
1089421
1153908
976442
759113
-157959
17414
1414558
413638
903790
477223
1036517
237576
821880
346053
51814
374200
442509
385529
366446
945560
927130
1224211
-191914
994729
266180
-8889
573146
975076
157176
329408
280302
250262
-150558
789514
992593
1236321
255811
586781
382955
712156
194469
812948
-349669
890893
-178057
35954
739923
761226
1221181
537298
618915
568499
551975
1357820
432231
1146836
-226611
-54965
950073
866531
578552
-261509
1094765
310171
679976
857118
136329
299068
1302240
144931
1103280
71401
320985
403656
804262
1153252
161955
-604189
881465
-197583
1485781
171610
284546
-195827
-85409
845348
737106
-68654
-37497
709316
552052
32240
657084
21195
796493
540243
1627470
798864
988656
908693
1052987
178421
53431
112551
435446
307869
-276974
306056
737771
-177928
-103771
1167081
341570
894187
237780
54372
20716
1032677
1264745
766623
471073
-85234
441747
844682
1028914
603019
1574362
-619013
488891
395832
311056
51113
1275268
1577517
655183
803731
863528
265138
1137770
1208054
-235784
592138
7459
-501330
309933
361057
-5594
421299
715194
869212
-60172
1024057
1110535
709444
306088
-23765
1168196
146839
67549
756875
943841
164916
393655
661939
21347
584616
871425
-620375
845338
526369
-143491
172329
764025
888054
192832
167292
-124475
-564775
1311043
1012791
1238581
896227
504769
857435
-33821
618180
1185914
307727
418014
591563
382375
946052
404840
807136
663342
418479
7686
321667
170972
521253
333563
947335
-106030
307422
-52905
1381978
704328
-473201
527862
-181777
232185
654827
284236
8728
280986
-87872
650786
728935
1024984
750323
893548
496132
-29377
240289
-188675
-27497
-327676
689498
1238105
932760
588904
348419
976244
94080
844218
31696
-408896
-64050
611397
254754
1195818
349311
1071890
94028
624742
281686
743501
969126
1100911
823947
-540021
533266
450267
110555
1594869
111259
887115
-112970
215813
188335
678215
76805
860149
-360385
1163763
382567
747262
-529926
969056
-103824
396677
-253965
438222
1426724
908444
-170540
9906
537081
905381
403462
690360
681100
848098
306856
302359
72433
-73646
-734799
276160
1944
608121
751083
1526717
649828
753612
701076
868002
328345
133035
540380
154275
567006
574996
589308
1158159
743739
464608
270914
568669
1008029
-222865
-422496
1755497
764102
-13400
645874
-71796
863197
844324
654814
658119
1217626
309937
1014345
374439
-560875
-11014
110463
480302
-104142
-662644
-208787
757877
-335054
299516
966331
1099159
-278368
271917
1082448
325968
194654
-240138
401452
110701
187924
200745
1015403
109733
700542
400630
895901
258572
34709
-67426
299518
227675
-24269
1030738
-29073
559677
565086
396004
295684
997241
265049
1375597
318036
585897
110064
61556
923191
-496007
100782
477798
1030348
18988
1931445
870172
-407974
768954
908015
808846
255455
623368
1076333
769186
1345582
489612
696206
737362
-96648
526405
955816
-335674
1550134
749729
-588627
633336
1521190
218678
873802
116231
619642
573212
619616
708066
840855
1643767
79821
824984
6017
68038
186991
481927
837469
1622127
196084
537514
216151
-120814
951185
-17152
-611926
822799
921434
949477
694982
485215
934322
-407303
192403
482707
75051
187118
940701
1220403
1015344
778874
-49392
1272255
323173
584992
1429549
1636676
344087
1152549
1073659
1078306
876373
-780011
-339834
-2839
390184
848248
322574
493013
411169
567837
-144769
832684
758743
467593
252264
667643
1452731
913476
840940
194170
809226
427145
80133
561601
303847
-609329
770982
250351
-85229
246721
88712
756895
463487
1279359
8008
419149
796480
831702
26036
-253164
110635
-6518
94061
1265988
349448
216134
28974
363116
1354983
811751
443828
288043
485082
434732
1461182
333434
143426
429250
-598917
756036
-177390
-161609
422605
-209632
1392282
1665154
1330727
241595
555076
1053302
-436572
-301370
370210
862025
670620
275749
-267985
252109
327092
480862
756316
297011
691966
480386
809482
-227906
1005961
930406
1357153
959379
515384
-52674
189437
1372899
212118
1518947
-611820
480060
-53838
321643
837150
242
582573
389673
52146
-506763
624025
963210
1118201
-58825
1348292
-228015
787269
107842
368283
936894
-198710
862300
412722
-302207
169005
-47135
377000
1474267
49666
271523
673583
504101
572376
244232
137651
698015
-430147
292456
765721
711801
365256
1020202
137968
-136723
910482
583970
1173292
868542
303311
-123471
-115949
126935
393604
805282
877252
168452
492503
700932
658455
1627798
278475
668369
439399
136991
-140717
819521
1056117
65486
-295667
831925
532469
1098097
265487
651716
395051
836686
1089190
798379
95796
278116
