119725
886490
55106
489358
55106
776385
735399
608594
350055
523803
608594
914115
55106
378522
886490
523803
119725
523803
253372
705143
705143
438096
735399
736210
850206
886490
211462
253372
735399
55106
927313
736210
577596
914115
159891
352053
705143
378522
438898
577596
735399
927313
927313
610434
886490
610434
211462
176141
438898
776385
211462
850206
850206
119725
927313
577596
119725
705143
914115
489358
142968
119725
736210
415644
288678
735399
211462
142968
891594
850206
176141
159891
350055
705143
914115
705143
253372
352053
523803
736210
850206
776385
914115
489358
350055
891594
608594
610434
735399
891594
119725
608594
350055
159891
523803
211462
211462
415644
891594
891594
352053
927313
776385
350055
438898
914115
705143
245707
119725
489358
611035
253372
608594
350055
159891
776385
142968
489358
474815
378522
159891
288678
736210
776385
438096
736210
611035
119725
325233
415644
850206
253372
914115
489358
891594
288678
245707
489358
705143
489358
415644
611035
927313
325233
253372
288678
776385
776385
142968
211462
438096
927313
211462
350055
142968
891594
245707
438096
886490
438898
253372
610434
474815
735399
438096
378522
611035
523803
850206
245707
705143
610434
705143
350055
325233
159891
608594
891594
611035
735399
886490
159891
927313
611035
611035
352053
253372
776385
325233
352053
611035
325233
489358
927313
886490
611035
489358
325233
891594
577596
325233
489358
378522
352053
176141
438096
914115
119725
142968
350055
705143
736210
438898
378522
438898
523803
245707
350055
245707
352053
352053
159891
523803
927313
55106
438898
914115
159891
325233
474815
350055
352053
378522
378522
55106
886490
927313
350055
253372
159891
325233
288678
55106
415644
350055
608594
610434
850206
438898
176141
253372
245707
705143
352053
886490
474815
245707
474815
55106
142968
474815
378522
608594
705143
119725
176141
776385
288678
55106
610434
611035
489358
776385
325233
927313
577596
325233
176141
611035
474815
705143
735399
253372
489358
176141
176141
776385
886490
914115
142968
776385
325233
415644
577596
577596
438898
288678
611035
850206
119725
415644
159891
610434
176141
245707
736210
415644
735399
886490
474815
352053
610434
438096
415644
850206
142968
415644
350055
159891
438898
610434
886490
705143
610434
489358
736210
211462
735399
378522
927313
176141
55106
705143
776385
325233
325233
886490
415644
610434
176141
736210
352053
415644
253372
142968
735399
523803
886490
211462
886490
523803
610434
474815
253372
611035
705143
577596
55106
776385
325233
577596
474815
438898
119725
776385
914115
927313
850206
55106
378522
352053
474815
55106
523803
735399
474815
325233
288678
523803
577596
474815
245707
886490
325233
325233
438096
914115
610434
577596
352053
735399
245707
438096
523803
891594
735399
253372
378522
55106
776385
523803
886490
577596
350055
119725
891594
288678
914115
577596
378522
736210
55106
735399
378522
415644
736210
776385
850206
325233
55106
350055
736210
523803
927313
176141
245707
350055
776385
610434
736210
352053
927313
610434
176141
253372
736210
914115
288678
350055
577596
776385
850206
850206
850206
914115
438096
350055
850206
159891
474815
142968
245707
610434
891594
474815
914115
352053
577596
523803
577596
776385
523803
776385
474815
608594
211462
288678
438898
886490
211462
438898
886490
378522
352053
211462
523803
577596
211462
927313
610434
438898
415644
489358
850206
119725
211462
610434
325233
736210
891594
474815
850206
776385
927313
253372
325233
245707
438898
438096
176141
610434
350055
608594
378522
735399
850206
176141
891594
142968
438096
438096
886490
736210
211462
523803
735399
253372
610434
577596
211462
253372
886490
914115
211462
914115
253372
352053
608594
850206
914115
705143
736210
523803
211462
705143
176141
914115
159891
891594
608594
415644
55106
415644
253372
438898
608594
776385
577596
705143
253372
523803
119725
142968
577596
253372
489358
577596
119725
438096
610434
438096
927313
159891
350055
55106
119725
288678
438096
325233
611035
705143
735399
886490
350055
608594
577596
608594
142968
850206
211462
55106
253372
142968
350055
735399
577596
119725
611035
523803
523803
914115
914115
119725
176141
927313
489358
176141
176141
608594
176141
927313
415644
352053
325233
325233
176141
119725
352053
474815
927313
610434
611035
253372
776385
159891
705143
610434
55106
611035
474815
610434
142968
55106
891594
523803
245707
350055
608594
611035
577596
119725
350055
705143
288678
927313
474815
288678
211462
378522
474815
886490
891594
438096
176141
288678
850206
352053
610434
438096
776385
288678
438096
610434
253372
474815
489358
159891
927313
850206
55106
159891
352053
611035
352053
159891
523803
119725
577596
119725
611035
886490
159891
523803
438096
438096
891594
610434
352053
415644
474815
611035
776385
735399
610434
142968
415644
378522
611035
489358
736210
350055
378522
736210
142968
142968
142968
735399
776385
325233
245707
735399
474815
776385
610434
735399
914115
523803
253372
119725
245707
610434
891594
610434
577596
735399
245707
245707
735399
378522
378522
891594
211462
705143
735399
378522
415644
523803
577596
611035
211462
253372
608594
705143
142968
325233
523803
474815
474815
253372
352053
176141
176141
142968
378522
415644
489358
850206
489358
736210
142968
176141
776385
523803
523803
608594
253372
253372
611035
325233
415644
610434
176141
736210
891594
142968
886490
489358
350055
886490
735399
159891
474815
55106
352053
325233
119725
736210
378522
55106
927313
55106
850206
438898
474815
776385
850206
352053
776385
325233
489358
927313
438096
523803
886490
378522
610434
850206
850206
378522
55106
159891
350055
474815
608594
55106
438096
211462
489358
705143
705143
415644
891594
474815
705143
438898
415644
352053
523803
886490
489358
288678
245707
378522
352053
350055
927313
610434
474815
610434
705143
735399
577596
119725
850206
850206
415644
415644
253372
776385
577596
378522
886490
610434
350055
350055
523803
55106
253372
927313
415644
415644
438898
611035
610434
159891
288678
489358
325233
735399
523803
776385
211462
325233
736210
438096
523803
776385
159891
142968
736210
325233
927313
142968
850206
610434
886490
415644
176141
352053
438096
288678
438096
489358
415644
736210
611035
438096
776385
577596
523803
608594
142968
415644
891594
378522
325233
927313
891594
378522
325233
438096
253372
325233
489358
914115
850206
735399
55106
608594
352053
914115
886490
55106
474815
438096
705143
610434
119725
288678
705143
735399
438898
438096
705143
611035
55106
159891
438096
142968
610434
705143
245707
914115
253372
776385
577596
914115
891594
474815
489358
850206
735399
886490
438898
850206
927313
159891
352053
891594
489358
735399
119725
891594
577596
474815
611035
159891
523803
776385
776385
735399
378522
610434
350055
611035
474815
438898
142968
611035
119725
886490
288678
438096
288678
914115
176141
325233
610434
705143
736210
325233
438898
55106
891594
886490
350055
489358
438096
119725
176141
142968
438096
253372
142968
176141
438898
611035
611035
176141
438096
