401368
1097054
1040287
1119785
232319
1349136
1080751
137690
1374996
299413
928549
488788
605724
1504438
1198449
418981
319197
13373
313155
873929
77015
903623
506729
1245827
937751
95173
170254
184150
542311
239287
715996
1470224
183576
907065
774869
467232
611464
337376
307710
1126701
418608
656527
1424265
24799
1264687
603614
371445
639195
894954
952978
114289
589355
258621
89209
541528
1872414
1174615
207763
1436142
83014
1208025
451097
1539081
1092089
202528
968411
1161664
841624
1285104
1892430
804512
1389587
220881
322474
789339
215425
375811
856502
461107
904048
940145
1385422
338114
285277
963435
973817
1196810
1168861
490199
78816
1192187
1182632
150999
955761
603192
747383
805719
1378462
768335
291844
798059
860189
1238679
346477
1001292
1019321
709013
645084
1161156
189775
1102289
389239
395958
909796
534098
776764
208976
1027829
1602318
368420
808252
1131704
565862
530339
1508764
269696
564742
350102
969650
1172856
694260
171217
278766
706036
230747
848139
209011
250886
44677
700533
1073329
546825
719990
743407
287627
793912
537130
1082119
621237
1216264
779285
555729
1128744
412125
1052648
420902
926272
721917
985836
84889
713617
361674
376644
693834
1181575
558498
446552
1109563
1135215
1387027
557433
760741
336148
751542
311314
940767
460561
314116
265839
382790
221453
183543
848770
869710
371341
1029654
351637
203030
194307
1492704
268925
592210
224773
75756
150041
424632
825536
535537
1229126
1181837
929542
632201
888073
342213
547902
51376
1008779
131641
502966
153039
1226436
1214598
440394
993186
5990
498801
455263
327862
722290
558519
569211
1088404
672971
1449537
711710
318856
794257
622987
338875
1110843
1206524
1005504
914152
1198806
308178
835041
681124
1221706
515379
167742
619233
1047435
1284173
566037
560402
659937
893371
175372
863134
815685
276514
1122347
475591
1365455
140900
1378933
707323
115659
618466
560351
865667
872993
1372671
1088726
380482
784990
1186363
740931
437423
89228
1264475
1344416
993747
1082150
418423
1453834
108944
904867
797587
963490
907305
430973
692762
985153
182995
662347
269426
446346
627924
1218484
777328
132910
178131
1427290
944810
880021
909365
786248
674123
510967
1131191
331075
1120531
315917
289990
215227
788981
561091
878123
503466
764419
722041
686011
411853
99027
711255
1085917
1863222
586241
1004027
945823
207912
959510
488863
1063284
253695
454573
250854
632582
175683
476255
394497
1145260
650845
900203
324437
40387
1514777
560822
1044341
535046
667101
205319
556690
555374
61263
787814
818730
615722
747150
736596
904715
1091929
867314
115669
340000
665526
207317
327462
1123849
102739
801529
1579721
529342
6610
737803
1616362
66920
1079076
418070
455276
354402
1096155
1209732
215509
1135774
891288
1022537
812342
111618
570518
33877
592358
825282
13154
758476
769517
325583
502314
902404
114394
1009205
810694
897795
432636
1011574
494179
414889
1233543
1565502
675925
1133490
533193
582758
519931
444120
208104
270999
963399
18225
1048608
11771
92152
648079
1365784
591610
451635
309321
695469
835894
382016
553546
444460
495966
881530
427796
235418
572998
439960
798502
399267
947531
1449769
1276844
1057545
466958
876153
195200
616489
802438
663695
926559
282846
303205
535193
690048
851290
91475
86302
218602
45215
867143
286179
48395
1171361
531825
952050
589520
172282
378283
653525
440079
419923
291180
529966
900378
393845
42711
858620
1364287
636310
192766
119370
1250258
343442
539857
131344
1232484
24732
402228
293320
737232
921922
182251
66815
1088874
667188
700494
130592
1247801
846433
426842
71668
39823
142129
1360531
666008
640000
873478
107801
726095
350974
629670
623167
798289
397721
1126813
228028
1257169
1661209
930700
295347
425845
822674
921036
1582142
290048
1016026
161015
880599
617251
1596753
396162
1039142
901467
975973
848742
407183
28039
804756
425347
744629
590032
497498
244026
1222492
127989
510277
444992
164991
1012026
825963
933546
650485
681158
976286
1236726
978718
357633
76038
695425
25164
593787
1040591
364053
16342
485700
375398
557521
615525
1122866
667999
206316
1775578
409499
562435
877062
1002872
311773
17128
650333
1429385
991035
1217057
115540
812936
296981
686536
1524178
689071
986000
1241840
297291
286353
96873
930115
599559
121459
491396
23156
787756
732375
398637
904095
680828
1330529
900646
920027
810896
1410106
499297
438813
1438301
997088
1239479
744172
867585
433113
964346
234345
158200
754737
503880
1088317
621283
905161
798425
712443
92210
338156
757127
398550
826456
1383074
257177
1232542
186439
516174
1232560
1255539
332861
248679
59125
488656
1239383
439973
45399
444509
829750
1089842
764286
829043
315952
739022
606395
681814
984692
366062
1275694
739139
282394
716756
675881
62832
459271
523920
99536
169626
608999
855925
1547780
41679
308773
529107
514491
312890
1304671
1117066
458295
668917
999982
204792
650470
519288
298019
61220
304896
213629
613554
816629
326386
841542
1138993
602693
505312
1420423
601093
27388
1204240
746125
799777
1434036
1257928
140393
447506
692879
587366
352554
1101354
913862
1049506
243598
114400
772690
172919
809145
131481
571955
1002252
560503
185924
538836
571115
478225
325159
413162
363920
1069998
175419
218616
126271
405616
705326
1401144
666031
126329
240461
1077955
1064369
293323
672955
1027741
701592
483209
289059
373797
1761359
160579
789135
1002683
473183
612942
1602933
25492
1252006
26486
258032
57169
328401
846084
741879
232725
1276180
961881
226934
1393692
802718
578025
129978
684327
546905
782647
276733
555714
629046
1520538
286690
466506
1064857
627567
85921
656979
703439
754047
478075
164882
341125
1110703
865374
297224
166449
299296
854361
603891
42700
1118125
733156
721207
463311
571193
784553
924858
501836
116727
51350
934300
667021
240355
505357
235146
780658
571435
233771
160493
135345
227088
899887
1214977
174511
230051
1442213
864594
900471
821832
687893
894382
1118189
1487102
110160
593489
1175418
635057
1204851
808764
972115
1013056
623703
809966
727453
79176
1597789
363271
1202435
443990
1095637
6104
1209507
886501
1061698
371481
703614
875156
61616
653786
188958
708345
1281390
659403
1122456
770148
506020
853035
523486
770069
741024
112679
752439
248113
108195
529594
710221
338992
307031
1082377
947762
122509
1236223
721944
668103
611531
463732
686231
1255759
321996
1090713
686563
1466175
376914
573416
125419
796021
56398
949869
826103
1001783
532523
613036
285504
468809
292007
1092699
800865
661580
490049
467278
446086
1057376
385481
1588592
1077857
986801
1345601
229412
1125139
648139
1116133
118239
1312945
600308
1191840
193123
280794
717586
424254
738747
155182
782502
71037
31475
1022611
132848
402460
131060
159631
20471
603595
977169
642618
329741
118174
510026
755628
827083
403878
436354
389948
754838
497601
108671
320734
1810581
973094
1596578
818313
490295
560301
271983
541535
671489
206526
1143153
1119075
1519980
115697
128893
6796
129266
1021560
36271
526762
938805
885371
269057
349243
444948
383839
1095788
294828
531417
940054
116663
1704109
310547
877146
986385
1088552
949396
353968
977653
178119
379405
619821
118863
1027518
846676
718876
540589
30243
860554
829649
280291
880868
441527
353117
216823
583432
549141
1025197
641377
1123593
976170
704453
254299
66850
236107
1216749
557382
455998
434304
864038
1225836
772098
728558
602950
784803
138258
441230
441496
274385
885074
466096
1687443
132559
89223
1043771
416143
517895
208025
1111291
883990
267559
490885
472159
1065293
724041
335139
769143
973426
1312165
306703
960116
424840
584494
358602
438935
745603
695559
176944
674275
1104491
596347
575387
38311
51417
1150014
917714
786535
1581775
337897
331330
483028
432535
298998
959876
1086277
1164629
509063
708160
398068
623920
841521
848719
1508876
362162
603804
980845
137911
113671
607739
325203
770681
41194
546214
1169383
189439
546073
417994
523464
728967
1004432
890869
918560
812199
747572
854765
386739
67032
1090999
741650
1183988
830948
1397721
649104
1141610
275153
1054964
82663
22537
75711
891957
685984
707140
1460906
508822
155949
974082
815928
268843
175358
611821
959532
991304
270495
825567
121398
1271991
165226
978970
426301
528674
1299024
65365
868147
752602
860575
821143
53398
960589
954854
1493095
486994
14492
162196
128361
123550
402522
590208
639386
352783
516572
692218
174331
759224
828961
600843
1106446
873909
1053140
277482
271401
60731
249769
781251
429015
185754
760325
1366514
936253
436193
173739
71336
46580
526381
1204837
1079571
1029174
156757
471354
97316
913784
1361673
738745
529215
1474487
347099
1477265
1267228
701407
769079
465453
270734
244645
521340
608978
151267
901941
242678
452896
942980
402430
999780
987465
1557065
842618
439496
957910
414022
206680
944349
947900
1560870
110907
1098260
626798
503349
1123070
1298897
705875
89480
1265436
312223
354483
319384
507015
554819
846513
238480
116504
1756557
76974
1587178
1347919
686708
1539420
460048
1340354
24921
6770
152488
1188321
580494
634003
893717
639789
481043
1007398
522388
791016
670326
874177
370670
1254411
681242
381079
828948
973961
197091
711970
1369873
266502
856882
1252189
450849
736146
995164
278119
532004
72954
86806
1278851
733260
186617
833289
122562
389947
542487
1904605
415969
376565
1209031
334170
1438490
1671005
707210
1058400
227968
338350
868764
359932
988831
620064
260659
492603
260567
714936
1360189
1059100
1279163
262457
9989
775216
135602
144498
910026
121823
1324895
1031761
290682
88422
87249
463124
1147824
645219
209145
1135907
278963
559299
143075
378720
802678
937503
1008485
464607
406562
508183
249459
62595
408695
119251
1235723
1114047
1565629
941688
305673
806106
681531
856171
679188
643928
447686
204884
133637
807944
1220206
93574
453603
735305
295095
168581
563676
1421935
664834
588550
1209467
602926
1410659
356605
461834
253577
1540332
706932
1024848
813
76429
263634
495194
878518
127767
1207680
74768
677484
923789
140520
992370
31569
1179687
366877
51926
1170399
352601
13414
579623
1122064
628026
336717
675713
773395
422953
404254
651684
749745
700564
649312
642286
622944
646961
725964
404266
806409
427068
1070596
1289271
262616
811078
932821
820458
267729
608750
71238
1141152
328023
901408
599517
118542
328894
347087
653799
470349
146109
577603
214931
828318
796973
372389
54750
167765
620069
818739
464244
885688
1221561
954140
1654748
154513
510300
1103707
143814
253231
1217648
785545
968225
1014006
1399488
710587
1028583
35110
372900
745881
564375
322337
735649
274763
168338
400523
935844
1326605
8621
687229
672924
301652
255143
333855
110138
263358
765323
471453
124905
556369
801914
777171
1385700
377793
745880
224418
18090
429503
1047925
881736
148017
320200
187642
396966
771289
974893
405635
820357
1010086
1136952
849094
738754
579994
160980
44095
226706
106202
358208
578172
230272
10739
850751
340916
119132
180818
310645
650508
1113323
59299
83544
823314
742185
399691
446509
553221
33983
1141872
629879
386781
972422
747938
842680
139410
845003
551855
1350174
434782
1277018
815284
1265813
255406
234116
13565
1228577
300054
513994
272902
1077268
1219176
443319
476371
1255093
935471
893748
907413
256969
431396
303731
315283
445898
1591496
1005289
603009
87483
629158
434494
727827
1709151
60837
1545399
476900
1136011
670260
1130033
711853
759797
15212
1096852
489888
576044
739330
760998
251782
60841
1628772
102951
835030
166725
219083
101733
594153
274861
926133
659358
844341
826679
495221
1045387
1296739
1536716
234827
288581
496713
838748
299835
66808
913894
389198
1978808
557436
815335
807146
599859
320282
1219156
816516
818775
580581
104936
961808
626561
327021
486760
7616
1167386
484033
850436
1233322
275412
1357142
791877
662866
557675
360409
1027787
593882
457147
763116
421186
1442151
243369
315076
169379
925373
200633
47206
800964
451577
144084
618101
1047800
210694
43648
584268
107088
338754
1043908
29448
655696
218854
619215
473362
576341
1313772
748016
356047
90061
819909
1623352
1278647
550892
72608
171843
91703
371358
289921
182591
365737
1145807
595969
477193
1350659
475528
647716
1221626
1178789
121357
598677
277580
652249
1329318
285062
494479
247795
421196
216667
276506
1297509
33637
987709
1032833
1132353
387855
20796
189474
940420
618351
19280
106679
133097
550062
830623
1377651
209405
360764
545847
1144726
781018
487954
1045066
943408
107600
798790
474858
1076524
627151
457242
279850
420505
137001
1423067
771662
91425
53947
1190999
997602
1088186
1070394
1178395
616946
1249071
282838
859383
1047048
560626
1040433
140731
1408428
1484978
1686065
6798
715993
294710
222847
353569
1616244
112198
1611188
880774
812575
360091
870567
495252
731577
807732
416600
63261
986786
491312
749797
877439
607825
292254
1031972
625257
436281
1186191
309067
199557
1177509
755434
715688
111213
408844
284769
700053
1156439
304349
538219
199412
997158
453706
320829
331747
209377
582595
798791
139101
773443
1119199
729568
220529
1269148
836911
224039
526315
743126
828276
1032330
566187
565695
979479
719824
150336
777877
1649344
1212234
1392198
497675
577330
787852
796228
398666
1171053
58287
583758
1259607
667235
381275
959255
565153
722224
1068908
1076274
373953
1069132
488995
448318
762162
933888
508217
510448
460107
741464
429775
510880
684143
209769
903477
301362
388379
464749
618621
1134238
999509
440707
370917
1559636
1356838
1502571
295653
1020618
1531929
331450
627454
4690
895011
523341
185392
1189242
254235
189021
305008
526908
748322
1404180
810693
1381150
662199
685861
847216
1613167
1515381
667260
815183
486114
785951
711351
560140
1210710
700587
460149
131616
1155685
1243970
586861
611015
1017410
299887
853894
259549
818235
59717
846862
310590
1214650
665189
978441
1010564
342164
60582
725977
152128
1357264
111516
421191
527922
288156
1152701
675785
873360
748110
708435
841491
633416
1245032
492811
510741
1267397
1382256
102983
1535146
851531
642469
344958
269797
642148
775941
138004
803680
395095
284503
806474
842942
78303
780476
324982
158170
995181
384139
605894
1086349
535868
282665
226834
278129
1030635
465402
527855
426911
473062
83946
1233730
354947
1531314
1569603
204526
42660
617877
901176
749984
504480
1458919
438260
955570
1191179
75221
896195
854612
1197711
1186068
528118
530480
29101
1479135
729097
996527
763148
869328
1147448
290191
275867
357120
51822
516037
1472713
446085
631020
838443
1365354
880176
843553
1214305
772775
146288
618650
26196
735463
925166
503162
10339
1613304
